7 17
3 4 1.000000 1
4 6 0.700000 2
2 3 0.900000 1
5 6 0.600000 2
1 6 0.900000 1
1 7 0.600000 1
1 2 0.800000 1
5 4 1.000000 3
3 1 0.700000 1
6 7 0.800000 2
5 1 0.900000 3
2 5 1.000000 3
3 5 0.900000 1
4 2 0.700000 3
5 7 0.900000 1
3 7 0.800000 1
7 4 0.600000 1
2 1
2 1 0.700000 1
4 1
4 3 0.800000 2
5 8
2 5 1.000000 3
2 1 0.600000 3
4 3 0.600000 2
5 1 0.900000 3
3 2 0.900000 3
3 1 0.800000 3
4 2 0.800000 1
3 5 0.700000 3
5 5
1 3 0.800000 1
1 5 0.600000 2
2 5 0.700000 2
2 4 1.000000 2
4 3 0.900000 1
5 9
1 3 0.800000 3
2 3 1.000000 1
1 5 1.000000 1
5 3 0.900000 3
1 4 0.800000 1
2 4 1.000000 1
5 4 0.700000 2
1 2 0.800000 3
2 5 0.600000 3
8 14
1 8 0.700000 1
6 4 0.800000 3
4 3 1.000000 1
8 4 1.000000 2
8 6 0.700000 2
8 5 1.000000 3
5 3 0.600000 1
8 3 0.600000 3
6 2 0.700000 1
5 6 0.900000 1
1 4 0.800000 2
2 1 0.700000 1
5 7 0.700000 1
8 2 0.600000 3
8 20
1 5 0.600000 1
7 8 1.000000 1
7 4 0.900000 2
5 3 0.800000 3
5 4 0.800000 1
8 5 1.000000 1
1 4 0.600000 1
3 7 0.800000 1
5 2 0.700000 3
1 3 0.800000 2
8 3 0.600000 3
1 7 0.800000 3
4 8 1.000000 3
6 4 0.800000 1
2 3 0.800000 3
6 5 0.700000 1
1 6 1.000000 3
2 4 0.600000 2
7 6 0.700000 3
7 2 0.700000 3
4 6
1 4 0.600000 1
1 2 0.900000 2
3 4 1.000000 2
3 1 0.900000 2
2 4 0.800000 3
2 3 0.800000 3
8 10
8 1 0.900000 2
3 6 0.700000 1
7 3 0.900000 2
5 4 0.600000 1
5 6 0.600000 3
7 8 0.900000 2
2 4 0.800000 3
1 7 0.800000 1
6 4 0.800000 1
6 8 0.600000 2
