34 196
28 2 0.600000 5
20 16 1.000000 1
14 22 0.900000 2
7 22 1.000000 3
23 30 0.900000 1
30 32 0.800000 4
4 19 0.900000 2
29 31 0.700000 2
29 34 0.700000 4
10 5 1.000000 5
18 21 0.900000 3
25 14 1.000000 5
10 12 0.700000 4
18 29 0.600000 2
21 24 0.700000 2
17 24 0.900000 5
18 15 0.900000 5
8 2 0.700000 3
5 22 0.700000 5
25 31 1.000000 2
26 16 0.800000 1
8 21 0.800000 4
23 29 0.800000 1
25 10 0.900000 2
20 6 1.000000 4
21 6 1.000000 4
34 32 1.000000 1
25 19 0.700000 1
26 4 0.600000 5
24 8 0.900000 1
32 20 1.000000 4
1 26 0.800000 2
11 32 0.900000 3
32 17 0.600000 2
16 31 0.900000 1
17 27 1.000000 1
16 14 1.000000 4
30 6 0.800000 3
18 19 0.600000 3
25 26 1.000000 2
11 31 0.800000 5
4 18 1.000000 4
4 12 0.800000 4
7 30 0.600000 5
12 1 0.600000 3
10 15 0.700000 3
21 14 0.800000 1
12 20 0.600000 1
7 24 1.000000 5
22 34 0.700000 5
13 28 0.700000 4
19 13 0.600000 3
12 7 0.700000 2
4 14 0.600000 2
8 26 1.000000 3
13 27 0.900000 4
3 29 0.700000 2
28 25 1.000000 2
10 7 0.900000 2
22 2 1.000000 1
13 7 0.800000 4
6 23 0.700000 4
34 3 0.700000 1
21 19 0.900000 1
1 25 0.600000 2
6 14 0.900000 2
20 3 0.700000 1
15 12 1.000000 5
32 9 0.600000 5
4 23 0.900000 3
12 3 0.700000 2
10 17 0.900000 3
10 32 1.000000 1
5 21 0.900000 1
1 18 0.900000 4
12 16 0.800000 4
34 18 0.700000 4
7 29 0.900000 1
3 4 0.600000 3
32 23 0.700000 2
25 33 0.800000 5
6 27 1.000000 4
24 28 1.000000 4
1 14 0.700000 4
11 14 0.800000 2
12 33 0.600000 3
4 27 0.600000 3
20 4 0.800000 3
33 21 0.700000 5
27 1 0.700000 4
14 27 0.700000 1
23 13 0.700000 1
18 33 1.000000 2
7 5 0.700000 5
15 31 0.700000 4
18 6 0.800000 5
10 9 0.700000 5
8 18 1.000000 4
15 19 0.900000 1
28 31 1.000000 5
19 20 0.900000 4
24 13 0.800000 1
22 10 0.700000 2
32 5 0.900000 4
15 32 1.000000 4
33 26 0.800000 5
18 12 1.000000 5
16 10 1.000000 2
21 1 1.000000 2
16 18 0.900000 4
8 12 0.700000 2
7 4 0.700000 5
6 2 0.600000 1
4 32 0.900000 3
9 5 0.900000 5
16 4 1.000000 2
12 19 0.600000 4
30 19 0.900000 1
18 28 1.000000 5
6 9 0.800000 5
2 9 1.000000 5
15 13 1.000000 3
9 33 0.900000 5
29 22 0.700000 4
30 15 0.800000 4
24 12 1.000000 3
20 7 0.700000 3
21 7 0.600000 5
21 16 0.600000 2
17 1 0.600000 1
33 15 1.000000 4
24 2 0.800000 2
30 33 0.900000 5
33 13 0.800000 2
7 34 1.000000 4
24 18 0.900000 5
24 23 0.600000 2
29 10 1.000000 1
9 28 0.700000 4
1 29 0.600000 5
19 34 0.600000 2
16 19 0.600000 4
23 10 0.800000 5
19 2 0.800000 3
3 11 0.700000 5
9 26 0.900000 2
34 15 1.000000 4
9 23 0.700000 1
33 11 1.000000 1
16 33 0.700000 2
25 23 1.000000 3
25 7 0.900000 3
15 27 0.800000 1
25 3 0.700000 2
27 20 0.800000 5
34 14 0.600000 4
5 20 0.800000 5
30 25 0.900000 2
8 19 0.700000 3
4 8 1.000000 5
29 4 0.900000 3
24 32 0.700000 3
20 26 0.600000 3
26 5 1.000000 1
11 28 0.600000 4
16 34 1.000000 4
8 5 0.900000 3
14 18 1.000000 4
19 14 0.800000 2
25 11 0.700000 4
33 2 0.600000 5
1 5 0.900000 1
4 2 0.900000 2
16 27 0.900000 2
26 21 0.700000 3
28 33 0.900000 3
4 30 1.000000 5
11 1 0.900000 4
14 20 0.600000 5
31 21 1.000000 1
8 34 1.000000 4
17 21 0.600000 4
23 1 0.600000 2
23 5 1.000000 4
20 25 0.800000 2
12 14 1.000000 3
10 13 0.900000 2
17 23 0.600000 1
30 16 0.700000 1
20 33 0.600000 3
21 11 0.700000 1
19 10 0.900000 3
22 11 1.000000 5
5 27 1.000000 3
29 5 0.600000 4
14 7 0.700000 4
